<?xml version="1.0"?>
<opencv_storage>
<calibration_time>"Wed Apr 10 14:57:30 2024"</calibration_time>
<nr_of_frames>14</nr_of_frames>
<image_width>3264</image_width>
<image_height>2448</image_height>
<board_width>9</board_width>
<board_height>6</board_height>
<square_size>24.</square_size>
<fix_aspect_ratio>1.</fix_aspect_ratio>
<!-- flags: +fix_aspectRatio +fix_principal_point +zero_tangent_dist -->
<flags>14</flags>
<fisheye_model>0</fisheye_model>
<camera_matrix type_id="opencv-matrix">
  <rows>3</rows>
  <cols>3</cols>
  <dt>d</dt>
  <data>
    3.2111968152428972e+03 0. 1632. 0. 3.2111968152428972e+03 1224. 0.
    0. 1.</data></camera_matrix>
<distortion_coefficients type_id="opencv-matrix">
  <rows>5</rows>
  <cols>1</cols>
  <dt>d</dt>
  <data>
    -2.7171501584981178e-01 8.3710422108235838e-01 0. 0.
    -1.6784049097420182e+00</data></distortion_coefficients>
<avg_reprojection_error>6.2560784011831467e+00</avg_reprojection_error>
<per_view_reprojection_errors type_id="opencv-matrix">
  <rows>14</rows>
  <cols>1</cols>
  <dt>f</dt>
  <data>
    7.57562208e+00 7.70184374e+00 7.80937624e+00 7.38470125e+00
    4.70956469e+00 5.88166428e+00 7.81170368e+00 6.10581303e+00
    3.50665998e+00 4.01953363e+00 5.07518816e+00 3.44278431e+00
    4.11483240e+00 8.81121540e+00</data></per_view_reprojection_errors>
<!-- a set of 6-tuples (rotation vector + translation vector) for each view -->
<extrinsic_parameters type_id="opencv-matrix">
  <rows>14</rows>
  <cols>6</cols>
  <dt>d</dt>
  <data>
    -5.3408205569526712e-01 -1.3642215824916459e-03
    7.4119845487614425e-03 -9.0216483102912278e+01
    -5.7371540424205335e+01 3.2924628912907542e+02
    -6.5039979234338563e-01 2.9612738425896856e-01
    1.4523594957311579e+00 1.0698810014376965e+00
    -4.7634768258059232e+01 3.8944002155412386e+02
    -6.5042086372862606e-01 -4.4017971416347701e-01
    -1.0421984709584411e+00 -1.3223532853182849e+02
    4.0378050397619788e+01 3.0792205714439990e+02
    -8.8213818392928101e-01 3.0490029512242423e-01
    8.3474337205739180e-01 -7.2530179807622915e+01
    -1.3962195103469845e+01 4.6800073151302809e+02
    -5.8146591983571350e-01 7.4906046707525076e-01
    1.8578010376087908e+00 4.3349970046249553e+01 1.2587550298407709e+01
    4.5987092411116720e+02 -3.3741374103825350e-01
    -9.4051531553392465e-01 -1.9723139273141372e+00
    -4.8938475837587184e+01 9.3909588864411816e+01
    2.6812357487144504e+02 -3.6690180408239625e-01
    1.0600627278317482e-02 -1.0416535248023138e+00
    -1.6040381100035862e+02 7.6181501309680712e+01
    3.8520593784018718e+02 -6.8963302817080208e-01
    1.2945756934404248e-01 8.6756733549311504e-01
    -6.8836266979401330e+01 -3.5579481841438664e+01
    4.6989401710580921e+02 -1.0311974949728625e-01
    -5.4024488677814439e-02 9.4978381991097938e-01
    -6.5394572366033316e+01 -5.3878340584101828e+01
    4.4484755963984503e+02 6.4528405535723796e-02
    -8.1659323550846619e-01 -1.9055774876829039e+00
    -6.0479962284789345e+01 1.3495812802792426e+02
    3.6040596586716885e+02 -1.8925861915163547e-01
    1.0424792659187103e+00 2.7199590892092460e+00 1.0765045017025619e+02
    3.7611787880527507e+00 3.4988659209490407e+02 5.9039764890655122e-01
    -1.6525697435325867e-01 2.9020912564594568e+00
    6.5276116707722110e+01 4.7960579705379807e+01 3.6180591082627859e+02
    -7.0823955339107925e-01 1.9985462834741821e-01
    1.1914375191570030e+00 -5.8748229965206420e+01
    -4.3316419338619681e+01 4.7784798883083715e+02
    -5.4202145117917389e-01 -5.5290842448565747e-01
    -1.4886809275340802e+00 -5.1011980884854196e+01
    4.1923114467833656e+01 1.8848244383385884e+02</data></extrinsic_parameters>
<image_points type_id="opencv-matrix">
  <rows>14</rows>
  <cols>54</cols>
  <dt>"2f"</dt>
  <data>
    7.70181091e+02 6.67907532e+02 1.00184265e+03 6.70983337e+02
    1.23149548e+03 6.74205139e+02 1.46026721e+03 6.77296875e+02
    1.68823572e+03 6.79658142e+02 1.91563184e+03 6.81182251e+02
    2.14345728e+03 6.81675964e+02 2.37295996e+03 6.82758362e+02
    2.60195654e+03 6.83460510e+02 7.34409485e+02 8.54075928e+02
    9.75795959e+02 8.56960327e+02 1.21468298e+03 8.60061401e+02
    1.45219080e+03 8.62607788e+02 1.68849573e+03 8.65156006e+02
    1.92454553e+03 8.66838928e+02 2.16090039e+03 8.68292480e+02
    2.39982715e+03 8.68491821e+02 2.63848022e+03 8.69346924e+02
    6.95471741e+02 1.05472241e+03 9.47306641e+02 1.05737817e+03
    1.19616382e+03 1.06016443e+03 1.44313696e+03 1.06242200e+03
    1.68886230e+03 1.06447974e+03 1.93447400e+03 1.06612390e+03
    2.18051392e+03 1.06716992e+03 2.42923291e+03 1.06862170e+03
    2.67785181e+03 1.07032361e+03 6.52300537e+02 1.27163477e+03
    9.15642212e+02 1.27438513e+03 1.17555066e+03 1.27631689e+03
    1.43310474e+03 1.27822046e+03 1.68948499e+03 1.28018848e+03
    1.94546460e+03 1.28182837e+03 2.20204932e+03 1.28397876e+03
    2.46192749e+03 1.28557544e+03 2.72116772e+03 1.28773523e+03
    6.05156128e+02 1.50952429e+03 8.80143127e+02 1.51168066e+03
    1.15224292e+03 1.51268054e+03 1.42195972e+03 1.51391858e+03
    1.69025391e+03 1.51588257e+03 1.95806812e+03 1.51748218e+03
    2.22697168e+03 1.51971045e+03 2.49860498e+03 1.52248804e+03
    2.76884180e+03 1.52448621e+03 5.55563599e+02 1.77200684e+03
    8.40673096e+02 1.77366003e+03 1.12594348e+03 1.77393506e+03
    1.40930212e+03 1.77417212e+03 1.69096387e+03 1.77551208e+03
    1.97244202e+03 1.77785718e+03 2.25450073e+03 1.78128796e+03
    2.53846948e+03 1.78426501e+03 2.81988721e+03 1.78437952e+03
    1.64521936e+03 8.21035156e+02 1.66990771e+03 9.80149780e+02
    1.69592725e+03 1.14829089e+03 1.72420776e+03 1.32844177e+03
    1.75453174e+03 1.52131470e+03 1.78818433e+03 1.72840283e+03
    1.82524622e+03 1.95195020e+03 1.86604285e+03 2.19663037e+03
    1.91044775e+03 2.46182227e+03 1.44533289e+03 8.18044434e+02
    1.46341760e+03 9.78092224e+02 1.48294385e+03 1.14769458e+03
    1.50394397e+03 1.32847131e+03 1.52659827e+03 1.52259302e+03
    1.55143884e+03 1.73108838e+03 1.57852563e+03 1.95633447e+03
    1.60907361e+03 2.20204077e+03 1.64257300e+03 2.47074365e+03
    1.24282043e+03 8.13976013e+02 1.25496838e+03 9.75216248e+02
    1.26773145e+03 1.14627258e+03 1.28148560e+03 1.32849133e+03
    1.29638831e+03 1.52372974e+03 1.31246399e+03 1.73354126e+03
    1.33019397e+03 1.95987402e+03 1.34964636e+03 2.20823999e+03
    1.37088757e+03 2.48011328e+03 1.03789014e+03 8.08229492e+02
    1.04360706e+03 9.71568237e+02 1.04963660e+03 1.14397314e+03
    1.05606799e+03 1.32794238e+03 1.06279749e+03 1.52458984e+03
    1.06997375e+03 1.73633960e+03 1.07776062e+03 1.96538293e+03
    1.08585925e+03 2.21557300e+03 1.09466052e+03 2.49034351e+03
    8.29045410e+02 8.02454224e+02 8.28019714e+02 9.67357239e+02
    8.27351501e+02 1.14092285e+03 8.26181458e+02 1.32652026e+03
    8.24531250e+02 1.52567896e+03 8.22287781e+02 1.73925867e+03
    8.19582642e+02 1.97026892e+03 8.16175781e+02 2.22392407e+03
    8.11974182e+02 2.50143286e+03 6.16195740e+02 7.99043823e+02
    6.07734314e+02 9.62712830e+02 5.99178833e+02 1.13772205e+03
    5.89967163e+02 1.32476001e+03 5.79354980e+02 1.52585742e+03
    5.67461792e+02 1.74235596e+03 5.54078796e+02 1.97718127e+03
    5.38370300e+02 2.23369287e+03 5.21868408e+02 2.51321094e+03
    3.05089996e+02 1.62371252e+03 4.61009064e+02 1.46056653e+03
    6.03738098e+02 1.31038196e+03 7.35664429e+02 1.17097339e+03
    8.58437012e+02 1.04083643e+03 9.72523499e+02 9.19153381e+02
    1.07926599e+03 8.04995239e+02 1.17984937e+03 6.97724854e+02
    1.27387341e+03 5.96824951e+02 4.91267334e+02 1.72052161e+03
    6.43286743e+02 1.54911060e+03 7.82237000e+02 1.39206531e+03
    9.10508545e+02 1.24627905e+03 1.02974731e+03 1.11072473e+03
    1.14073987e+03 9.84052307e+02 1.24438574e+03 8.65498840e+02
    1.34198596e+03 7.52940613e+02 1.43354492e+03 6.47821167e+02
    6.86634460e+02 1.82197827e+03 8.34416443e+02 1.64198718e+03
    9.68903259e+02 1.47755664e+03 1.09334705e+03 1.32490576e+03
    1.20884473e+03 1.18319202e+03 1.31629773e+03 1.05070325e+03
