<?xml version="1.0"?>
<opencv_storage>
<calibration_time>"Mon Jul  1 12:08:54 2024"</calibration_time>
<nr_of_frames>14</nr_of_frames>
<image_width>752</image_width>
<image_height>480</image_height>
<board_width>9</board_width>
<board_height>6</board_height>
<square_size>24.</square_size>
<fix_aspect_ratio>1.</fix_aspect_ratio>
<!-- flags: +fix_aspectRatio +fix_principal_point +zero_tangent_dist -->
<flags>14</flags>
<fisheye_model>0</fisheye_model>
<camera_matrix type_id="opencv-matrix">
  <rows>3</rows>
  <cols>3</cols>
  <dt>d</dt>
  <data>
    1.2783986913976819e+03 0. 376. 0. 1.2783986913976819e+03 240. 0. 0.
    1.</data></camera_matrix>
<distortion_coefficients type_id="opencv-matrix">
  <rows>5</rows>
  <cols>1</cols>
  <dt>d</dt>
  <data>
    -3.0877245650741758e-01 -2.2014206523162421e+00 0. 0.
    2.5969164782224905e+01</data></distortion_coefficients>
<avg_reprojection_error>2.6106136701897670e-01</avg_reprojection_error>
<per_view_reprojection_errors type_id="opencv-matrix">
  <rows>14</rows>
  <cols>1</cols>
  <dt>f</dt>
  <data>
    1.24066323e-01 1.09596044e-01 1.14546672e-01 1.24267839e-01
    9.94737297e-02 1.42541379e-01 2.06726268e-01 8.64254892e-01
    1.17766544e-01 1.21679544e-01 1.14191577e-01 1.15175001e-01
    1.01554334e-01 1.14003904e-01</data></per_view_reprojection_errors>
<!-- a set of 6-tuples (rotation vector + translation vector) for each view -->
<extrinsic_parameters type_id="opencv-matrix">
  <rows>14</rows>
  <cols>6</cols>
  <dt>d</dt>
  <data>
    -3.3574081335754846e-01 -4.7339197339676758e-02
    -3.1013736515366420e-02 -1.0236566761096152e+02
    -6.0868168011314964e+01 5.6827895423699579e+02
    -2.1610664104976175e-02 4.9760957358764379e-01
    -2.8765893412496659e-02 -9.6864408126914000e+01
    -7.9021093402281352e+01 6.8938657338303506e+02
    5.0281738575546658e-02 -4.8470329600084305e-01
    -1.9623750802984091e-03 -8.1793799146571359e+01
    -8.4256774794740465e+01 6.4630164816092258e+02
    -6.7807712895375272e-01 5.0526943261034393e-02
    3.2901487208628591e-03 -8.9158414980370964e+01
    -4.9042152803972016e+01 6.7487365379095831e+02
    4.9413715506752692e-01 2.5464012063490813e-03 2.1886983153844027e-04
    -1.1499997437470181e+02 -5.9144606924800932e+01
    6.2078255378459050e+02 -6.6344494679028465e-01
    -1.7081331507718783e-01 -7.1744579231601502e-01
    -1.2660949107799709e+02 4.4968640896346024e+00
    6.2695541889625224e+02 -7.3466898463923136e-01
    3.9887342540750692e-01 6.6407658570545114e-01
    -3.5351526747033979e+01 -8.6000895841952541e+01
    7.0172258408294658e+02 6.2487225042585348e-01 6.6900917338324561e-01
    -2.7599237630169859e-01 -1.2324348025116312e+02
    -4.7434995705181230e+01 7.3338800587911953e+02
    4.4687495962204143e-01 -3.9386381169858936e-01
    1.9669201247304563e-01 -3.8534410043604105e+01
    -7.5264160699109780e+01 5.4009100992586150e+02
    -4.9679032882311586e-01 8.8149081561996190e-02
    -1.1448692521127271e+00 -1.2248125306282822e+02
    5.3020283312284903e+01 6.9449902065405331e+02 1.3319415970438711e-01
    6.2481439098404556e-01 -5.7910376344049297e-01
    -9.2051907169030571e+01 -2.1941386879154305e+00
    7.3832036100889627e+02 1.3590007035802207e-01 6.0017413270635034e-01
    -5.7134080739319526e-01 -1.1049817775437839e+02
    -2.0695896564062362e+00 7.3535283384856302e+02
    2.4068404492358816e-01 -4.4237107486000199e-01
    -4.2583569334153970e-01 -8.4087800686784249e+01
    -1.9322672579873185e+01 6.2094915425906186e+02
    -1.6705673103193908e-01 6.6349230461250394e-02
    -9.7891135941359142e-01 -1.6617313296218003e+02
    3.7227595138493726e+01 7.3004026570916426e+02</data></extrinsic_parameters>
<image_points type_id="opencv-matrix">
  <rows>14</rows>
  <cols>54</cols>
  <dt>"2f"</dt>
  <data>
    1.49319275e+02 1.05110710e+02 2.01989563e+02 1.03588295e+02
    2.54948761e+02 1.02157082e+02 3.08261414e+02 1.00997871e+02
    3.61630219e+02 1.00009430e+02 4.14775146e+02 9.91440887e+01
    4.67416443e+02 9.84853821e+01 5.19608765e+02 9.80652771e+01
    5.70971802e+02 9.77417145e+01 1.47607101e+02 1.53978989e+02
    2.01190308e+02 1.52494339e+02 2.54993729e+02 1.51194427e+02
    3.09173920e+02 1.49945404e+02 3.63422302e+02 1.48883392e+02
    4.17422394e+02 1.47993698e+02 4.70950745e+02 1.47131073e+02
    5.24030762e+02 1.46331787e+02 5.76209412e+02 1.45729675e+02
    1.46121292e+02 2.04404892e+02 2.00509827e+02 2.03115036e+02
    2.55185516e+02 2.01823914e+02 3.10192596e+02 2.00552597e+02
    3.65279968e+02 1.99401230e+02 4.20137756e+02 1.98201721e+02
    4.74471649e+02 1.97147659e+02 5.28367188e+02 1.96082642e+02
    5.81140137e+02 1.95232071e+02 1.44827530e+02 2.56236420e+02
    2.00060837e+02 2.55207794e+02 2.55526733e+02 2.53944275e+02
    3.11376678e+02 2.52683334e+02 3.67284485e+02 2.51398697e+02
    4.22936279e+02 2.50085922e+02 4.77918335e+02 2.48850861e+02
    5.32548950e+02 2.47447113e+02 5.86134827e+02 2.46127609e+02
    1.43849213e+02 3.09673035e+02 1.99797928e+02 3.08786346e+02
    2.56071594e+02 3.07631409e+02 3.12671417e+02 3.06383453e+02
    3.69323181e+02 3.05039032e+02 4.25668793e+02 3.03488220e+02
    4.81522186e+02 3.01854706e+02 5.36800781e+02 3.00202728e+02
    5.91069336e+02 2.98461151e+02 1.43351913e+02 3.64823486e+02
    1.99848969e+02 3.63935150e+02 2.56776978e+02 3.62846893e+02
    3.14114868e+02 3.61531799e+02 3.71467804e+02 3.60075409e+02
    4.28544861e+02 3.58360229e+02 4.85021820e+02 3.56583405e+02
    5.40895203e+02 3.54543152e+02 5.95750061e+02 3.52292053e+02
    1.98533859e+02 9.52220230e+01 2.34497589e+02 9.08503876e+01
    2.71697906e+02 8.65517349e+01 3.10661224e+02 8.21840439e+01
    3.51157288e+02 7.77362976e+01 3.93128265e+02 7.32277603e+01
    4.36464050e+02 6.87082825e+01 4.81487946e+02 6.42672272e+01
    5.27702332e+02 5.97094231e+01 1.98976852e+02 1.38755692e+02
    2.34991241e+02 1.35400314e+02 2.72416229e+02 1.31841125e+02
    3.11465698e+02 1.28277130e+02 3.52138763e+02 1.24632133e+02
    3.94307404e+02 1.21114021e+02 4.37934174e+02 1.17360329e+02
    4.83081696e+02 1.13594391e+02 5.29534729e+02 1.09832657e+02
    1.99439987e+02 1.82703354e+02 2.35593491e+02 1.80138809e+02
    2.73198242e+02 1.77501465e+02 3.12366791e+02 1.74763290e+02
    3.53178375e+02 1.71992020e+02 3.95417755e+02 1.69183823e+02
    4.39118561e+02 1.66300217e+02 4.84527283e+02 1.63396988e+02
    5.31249146e+02 1.60447144e+02 1.99917984e+02 2.26854797e+02
    2.36335251e+02 2.25181610e+02 2.73971191e+02 2.23366760e+02
    3.13290314e+02 2.21491409e+02 3.54151978e+02 2.19592636e+02
    3.96538055e+02 2.17594955e+02 4.40461609e+02 2.15585785e+02
    4.85823792e+02 2.13492554e+02 5.32719299e+02 2.11379929e+02
    2.00618805e+02 2.71207336e+02 2.37256256e+02 2.70317474e+02
    2.74917419e+02 2.69414490e+02 3.14299103e+02 2.68424957e+02
    3.55275116e+02 2.67422119e+02 3.97618134e+02 2.66284058e+02
    4.41470520e+02 2.65140137e+02 4.87092743e+02 2.63838745e+02
    5.33850708e+02 2.62567749e+02 2.02032333e+02 3.15592926e+02
    2.38299194e+02 3.15627380e+02 2.76044220e+02 3.15608276e+02
    3.15379089e+02 3.15533600e+02 3.56330536e+02 3.15405884e+02
    3.98791748e+02 3.15187683e+02 4.42764374e+02 3.14819336e+02
    4.88337769e+02 3.14435516e+02 5.35088928e+02 3.13940125e+02
    2.16035828e+02 7.51925659e+01 2.59385773e+02 7.69330444e+01
    3.01375092e+02 7.87642288e+01 3.42272186e+02 8.05706863e+01
    3.81911041e+02 8.25969925e+01 4.20311737e+02 8.45040665e+01
    4.57255066e+02 8.65461426e+01 4.93105865e+02 8.85532761e+01
    5.27536499e+02 9.06016846e+01 2.15329987e+02 1.21962578e+02
    2.58655487e+02 1.23038330e+02 3.00739014e+02 1.24119957e+02
    3.41675812e+02 1.25262825e+02 3.81416504e+02 1.26518532e+02
    4.19790039e+02 1.27888672e+02 4.56776581e+02 1.29016907e+02
    4.92684723e+02 1.30411163e+02 5.27249207e+02 1.31798538e+02
    2.14757462e+02 1.68885529e+02 2.58211334e+02 1.69229050e+02
    3.00261322e+02 1.69706192e+02 3.41207367e+02 1.70115112e+02
